Perfume1.jpg 48 86 48 166 167 86 167 166 perfume
Perfume10.jpg 75 149 75 180 117 149 117 180 perfume
Perfume100.jpg 128 77 128 116 186 77 186 116 perfume
Perfume101.jpg 124 82 124 117 162 82 162 117 perfume
Perfume105.jpg 92 101 92 151 110 101 110 151 perfume
Perfume106.jpg 136 66 136 98 178 66 178 98 perfume
Perfume110.jpg 53 149 53 204 137 149 137 204 perfume
Perfume111.jpg 74 105 74 141 154 105 154 141 perfume
Perfume112.jpg 86 102 86 168 130 102 130 168 perfume
Perfume113.jpg 104 176 104 205 165 176 165 205 perfume
Perfume114.jpg 92 78 92 105 133 78 133 105 perfume
Perfume115.jpg 103 145 103 169 137 145 137 169 perfume
Perfume116.jpg 51 105 51 197 142 105 142 197 perfume
Perfume124.jpg 79 121 79 157 144 121 144 157 perfume
Perfume125.jpg 62 137 62 175 134 137 134 175 perfume
Perfume126.jpg 87 128 87 155 142 128 142 155 perfume
Perfume127.jpg 84 115 84 145 136 115 136 145 perfume
Perfume130.jpg 53 129 53 140 100 129 100 140 perfume
Perfume131.jpg 54 110 54 122 114 110 114 122 perfume
Perfume132.jpg 43 125 43 141 109 125 109 141 perfume
Perfume133.jpg 71 102 71 113 130 102 130 113 perfume
Perfume135.jpg 18 153 18 172 128 153 128 172 perfume
Perfume136.jpg 86 73 86 165 134 73 134 165 perfume
Perfume138.jpg 92 89 92 101 138 89 138 101 perfume
Perfume141.jpg 37 151 37 229 100 151 100 229 perfume
Perfume143.jpg 64 86 64 162 129 86 129 162 perfume
Perfume144.jpg 105 105 105 154 141 105 141 154 perfume
Perfume145.jpg 84 100 84 128 139 100 139 128 perfume
Perfume148.jpg 140 56 140 98 177 56 177 98 perfume
Perfume15.jpg 68 143 68 156 106 143 106 156 perfume
Perfume150.jpg 88 84 88 143 147 84 147 143 perfume
Perfume152.jpg 82 93 82 149 142 93 142 149 perfume
Perfume154.jpg 35 146 35 234 146 146 146 234 perfume
Perfume155.jpg 58 94 58 138 135 94 135 138 perfume
Perfume156.jpg 74 71 74 184 142 71 142 184 perfume
Perfume16.jpg 76 94 76 130 131 94 131 130 perfume
Perfume160.jpg 93 102 93 167 130 102 130 167 perfume
Perfume163.jpg 90 70 90 167 135 70 135 167 perfume
Perfume166.jpg 121 133 121 163 153 133 153 163 perfume
Perfume167.jpg 50 148 50 190 99 148 99 190 perfume
Perfume168.jpg 85 101 85 172 139 101 139 172 perfume
Perfume169.jpg 97 79 97 167 135 79 135 167 perfume
Perfume170.jpg 74 110 74 182 122 110 122 182 perfume
Perfume171.jpg 54 110 54 210 126 110 126 210 perfume
Perfume174.jpg 101 104 101 169 123 104 123 169 perfume
Perfume175.jpg 86 87 86 155 138 87 138 155 perfume
Perfume176.jpg 87 97 87 158 137 97 137 158 perfume
Perfume180.jpg 96 143 96 163 128 143 128 163 perfume
Perfume181.jpg 61 104 61 156 158 104 158 156 perfume
Perfume184.jpg 70 158 70 200 126 158 126 200 perfume
Perfume185.jpg 80 90 80 171 143 90 143 171 perfume
Perfume186.jpg 53 100 53 202 131 100 131 202 perfume
Perfume189.jpg 116 124 116 180 170 124 170 180 perfume
Perfume19.jpg 86 148 86 174 161 148 161 174 perfume
Perfume190.jpg 69 102 69 179 129 102 129 179 perfume
Perfume21.jpg 91 123 91 146 133 123 133 146 perfume
Perfume24.jpg 60 157 60 188 159 157 159 188 perfume
Perfume26.jpg 72 111 72 163 160 111 160 163 perfume
Perfume28.jpg 88 117 88 153 136 117 136 153 perfume
Perfume29.jpg 66 153 66 178 155 153 155 178 perfume
Perfume3.jpg 103 145 103 187 180 145 180 187 perfume
Perfume30.jpg 86 118 86 161 137 118 137 161 perfume
Perfume31.jpg 87 116 87 172 137 116 137 172 perfume
Perfume32.jpg 77 94 77 156 122 94 122 156 perfume
Perfume33.jpg 84 119 84 175 140 119 140 175 perfume
Perfume35.jpg 61 134 61 177 107 134 107 177 perfume
Perfume37.jpg 90 112 90 176 134 112 134 176 perfume
Perfume50.jpg 38 77 38 137 155 77 155 137 perfume
Perfume52.jpg 83 119 83 163 140 119 140 163 perfume
Perfume53.jpg 118 46 118 86 194 46 194 86 perfume
Perfume57.jpg 59 88 59 149 161 88 161 149 perfume
Perfume58.jpg 38 77 38 137 155 77 155 137 perfume
Perfume59.jpg 71 192 71 225 119 192 119 225 perfume
Perfume60.jpg 84 87 84 123 140 87 140 123 perfume
Perfume61.jpg 84 125 84 180 140 125 140 180 perfume
Perfume64.jpg 139 55 139 96 175 55 175 96 perfume
Perfume65.jpg 80 137 80 162 126 137 126 162 perfume
Perfume66.jpg 64 89 64 153 135 89 135 153 perfume
Perfume69.jpg 86 77 86 133 142 77 142 133 perfume
Perfume7.jpg 94 170 94 207 174 170 174 207 perfume
Perfume70.jpg 42 107 42 184 124 107 124 184 perfume
Perfume73.jpg 86 146 86 176 138 146 138 176 perfume
Perfume74.jpg 120 109 120 152 167 109 167 152 perfume
Perfume75.jpg 371 628 371 761 534 628 534 761 perfume
Perfume76.jpg 117 666 117 729 352 666 352 729 perfume
Perfume77.jpg 77 150 77 170 116 150 116 170 perfume
Perfume8.jpg 141 98 141 121 183 98 183 121 perfume
Perfume82.jpg 89 99 89 125 135 99 135 125 perfume
Perfume83.jpg 95 120 95 176 116 120 116 176 perfume
Perfume86.jpg 56 111 56 212 133 111 133 212 perfume
Perfume87.jpg 97 69 97 110 145 69 145 110 perfume
Perfume88.jpg 145 87 145 116 163 87 163 116 perfume
Perfume9.jpg 64 132 64 147 129 132 129 147 perfume
Perfume90.jpg 100 173 100 204 168 173 168 204 perfume
Perfume91.jpg 127 70 127 100 167 70 167 100 perfume
Perfume93.jpg 153 102 153 133 204 102 204 133 perfume
Perfume97.jpg 53 131 53 192 143 131 143 192 perfume
Perfume99.jpg 111 107 111 149 166 107 166 149 perfume